12 10
0 0 1 0 0 0 0 0 0 0 0 0
1 1 1 1 1 0 0 0 0 0 0 0
1 0 0 0 1 0 0 0 1 1 1 1
1 1 1 1 1 1 0 0 1 0 0 1
0 1 0 0 0 1 1 1 1 1 0 1
0 1 0 1 1 1 0 0 0 1 0 1
0 1 0 1 0 0 0 0 0 1 0 1
0 1 1 1 0 0 1 1 1 1 1 1
0 0 0 1 1 1 1 0 0 0 0 0
0 0 0 0 0 0 0 0 0 0 0 0
1 0
7 9
12 8
0 0 1 0 0 0 0 0 0 0 0 0
1 1 1 1 1 0 0 0 0 0 0 0
1 0 0 0 1 0 0 0 1 1 1 1
1 1 1 1 1 1 0 0 1 0 0 1
0 1 0 0 0 1 1 1 1 1 0 1
0 1 0 1 1 1 0 0 0 1 0 1
0 1 0 1 0 0 0 0 0 1 0 1
0 1 1 1 1 1 1 1 1 1 1 1
1 0
7 11
24 10
0 0 1 0 0 0 0 0 0 0 0 0 0 0 1 0 0 0 0 0 0 0 0 0
1 1 1 1 1 0 0 0 0 0 0 0 1 1 1 1 1 0 0 0 0 0 0 0
1 0 0 0 1 0 0 0 1 1 1 1 1 0 0 0 1 0 0 0 1 1 1 1
1 1 1 1 1 1 0 0 1 0 0 1 1 1 1 1 1 1 0 0 1 0 0 1
0 1 0 0 0 1 1 1 1 1 0 1 0 1 0 0 0 1 1 1 1 1 0 1
0 1 0 1 1 1 0 0 0 1 0 1 0 1 0 1 1 1 0 0 0 1 0 1
0 1 0 1 0 0 0 0 0 1 0 1 0 1 0 1 0 0 0 0 0 1 0 1
0 1 1 1 0 0 1 1 1 1 1 1 0 1 1 1 0 0 1 1 1 1 1 1
0 0 0 1 1 1 1 0 0 0 0 0 0 0 0 1 1 1 1 0 0 0 0 0
0 0 0 0 0 0 0 0 0 0 0 0 0 0 0 0 0 0 0 0 0 0 0 0
1 0
4 21